16
1 2 3 4 5 6 7 8 9 10 11 12 13 14 15 16
0,1 7
0,2 4
0,3 6
1,9 16
1,10 13
1,11 14
2,4 10
2,5 13
2,6 5
2,7 14
2,8 7
2,9 2
2,10 15
2,11 12
3,2 13
3,3 14
3,4 11
3,5 15
3,6 16
4,4 8
4,5 1
4,6 13
4,7 3
4,8 9
4,9 10
4,10 7
5,1 1
5,2 7
5,3 8
5,4 2
5,5 11
6,9 1
6,10 14
6,11 2
6,14 4
6,15 5
7,0 9
7,1 14
7,2 16
7,5 12
7,6 10
7,7 4
7,8 11
7,9 5
7,13 8
7,14 1
8,11 15
8,12 16
8,13 11
8,14 13
8,15 4
9,7 11
9,8 16
9,9 13
9,10 10
9,11 5
9,12 14
9,13 12
9,14 3
9,15 15
10,11 9
13,0 16
13,1 12
13,2 11
13,3 4
13,4 14
13,5 3
13,6 2
13,8 10
13,9 8
13,10 5
13,11 7
13,12 15
15,10 16
15,11 3
15,12 4
15,13 2
15,14 10
15,15 12